39030
17462
52655
6077
59035
13350
38470
10865
3051
42944
60929
39362
23135
60698
41025
58701
51871
13033
30328
49449
44606
37728
39968
43666
48549
37780
56720
46486
58433
12674
41421
21468
20404
26573
438
7214
35493
21935
41757
18879
24395
40932
29726
41044
415
52337
11650
8399
35597
15295
47462
59198
10793
25961
35036
12815
61000
23291
18306
57365
47473
32406
43407
15019
26846
21365
44992
6329
34239
21247
18266
59690
64278
34355
45804
64847
8952
4557
28027
8297
37629
63207
62684
44855
3589
37678
1065
41739
58982
15991
41978
28179
30676
6286
9845
52291
39347
19765
45184
25589
31142
58867
37650
62739
227
38353
7816
1000
7667
43681
10646
10081
15786
42517
38183
4194
12815
40765
12598
51856
23169
59132
35883
52560
18001
63512
6421
1900
18410
14789
24891
55253
39804
51819
32153
48033
20075
27637
11371
39914
64910
52108
33135
63239
40170
2178
25479
26216
46421
24970
62501
10109
6265
57490
15016
41026
52052
21660
21384
18981
30645
49792
14291
54765
53218
4440
28712
45860
324
14879
40630
52280
15765
54192
24761
16209
64037
57702
12480
2580
21585
17161
31540
3437
60872
48382
15663
60696
64670
7
15832
11976
32561
23638
9167
38063
56338
25811
28042
6522
24475
63816
15480
44621
17657
16637
12846
2181
23631
40808
35999
29460
5252
43579
42214
57493
12986
30585
54133
62908
58408
5027
5991
41515
65256
44991
15461
13746
11258
48427
22215
60522
42474
7703
30460
19137
5423
13707
20339
38356
37604
42254
2696
25272
50447
6339
49967
60073
31402
39267
31470
14547
55801
28135
13657
45763
40774
57773
15239
9456
44372
1785
52427
47885
14778
19982
31761
57032
44680
3557
44549
16639
17887
45615
37629
38837
54349
31221
15261
18623
59706
40943
10135
7106
45824
33098
48640
39111
4885
15739
17898
16653
16322
14898
12047
53292
49493
38335
13654
2743
43399
34911
18725
52985
35513
61032
16935
35562
64107
8809
33922
29229
44171
8923
43455
48556
25839
62482
24900
30542
57080
49123
32785
19602
14823
25143
14153
13732
41092
40961
46207
27012
34114
64872
51389
48520
32349
5261
21349
46368
14600
143
65312
55406
7293
15391
49366
29562
40725
37161
36365
22135
26083
750
61527
10294
33663
5866
45584
4294
23113
28187
36005
4422
10936
10457
58702
2538
25637
16153
39378
56778
45000
32319
11982
8194
65251
45217
23344
27862
55350
2542
42158
54916
47766
2790
11768
22043
50302
59069
54408
55227
22424
4347
39054
31932
9515
1099
2264
61553
51670
54689
1486
62154
50674
37708
52520
29267
28864
23012
33493
562
20841
2310
42576
7170
46615
29768
23838
17940
10533
12745
44814
57317
37649
58215
44533
24012
3961
12903
44229
9515
12438
6982
46989
59699
10506
35092
15157
26772
62593
20669
30535
11208
36332
5682
57689
29928
54059
33463
63464
60130
15136
62935
15581
50496
43452
50480
48597
55557
46716
31541
62676
1409
47848
56874
7837
9991
8296
61206
53139
4003
9523
22787
29774
41373
49158
51994
6873
14009
20178
37101
58483
6267
20381
2941
37055
10952
53437
55136
57781
43554
28763
55670
1792
17114
24487
51163
42607
62974
46549
16511
33182
34032
36550
3651
42433
9345
43738
55590
46322
21929
3519
25004
22506
11081
2662
21543
40624
21461
12312
14705
54768
45450
10474
39148
41069
34365
8700
52941
28645
32582
13094
47807
29086
44118
11068
20847
51281
28692
31043
24652
21059
13498
50899
53684
1672
30829
30206
22830
8846
5762
8802
18300
24830
27347
41733
1460
26446
36081
52831
18630
38873
53316
29905
58653
52720
32519
1259
30611
63313
21957
2480
5858
30289
12001
62103
27312
8360
1794
12472
56295
9150
42764
55678
55660
10178
52296
28387
11412
31189
15906
48265
7764
35498
26712
37261
18755
38190
29541
32181
47493
10117
32983
12027
49780
41716
22826
65461
22315
40141
4701
11986
54968
38362
48182
59482
814
28368
3940
5498
11343
47641
14721
5748
40763
58560
53148
22246
56533
46426
32236
47935
25753
52964
25439
26184
33167
29370
64979
19573
14209
20139
54606
37264
28457
38486
36009
12706
54761
18616
57944
63694
38901
22271
24295
9298
30700
24606
46762
6876
39939
2056
11020
47150
19536
14697
52299
33240
26267
12380
20601
25907
22482
19251
7784
4947
22772
50994
9562
48004
41511
45393
33422
26965
27191
4647
52984
7561
18417
20197
8027
25212
54551
43914
21011
31330
64781
2779
42592
51432
58278
27420
56109
2011
50929
6555
11579
35001
10778
18075
39141
59487
15118
5635
16422
28746
2486
49876
58560
65194
22886
8931
3721
56695
42252
14614
57608
60973
12231
28052
24638
3208
34617
2104
9378
27747
52828
12650
22684
63150
8177
50075
34807
38021
47761
51984
60031
53003
56921
38361
43100
58477
63845
33306
18131
14014
9498
22516
16787
59023
65206
28240
32096
12667
35374
20815
3910
21061
19240
17791
64997
48528
54588
12226
33449
39154
18079
60893
42420
45937
63389
35453
15000
27565
61818
26699
35933
14878
51535
11685
55002
49773
23308
1267
53280
44806
44664
32719
29034
21240
26613
56351
14645
22848
26934
36301
49895
13063
22358
13377
43296
41258
17381
44140
47504
38494
41494
54656
61845
52951
28701
11022
5222
14033
17316
19029
56507
33495
61184
17754
26208
63853
14304
46077
59063
13891
38826
23893
49105
53569
65079
10439
26333
4117
55504
35483
7766
46473
15873
35221
44273
18231
41706
46755
44548
48669
15536
23308
58700
6613
32880
53556
55456
7812
45688
30275
27870
7128
16898
9075
6681
50425
44632
21505
40011
16282
52361
27446
37775
55366
42697
19654
63410
34100
34728
13201
24743
11339
34931
26418
7894
44541
41735
53933
50408
2699
37034
13724
53163
43793
59738
36975
24938
22807
1427
53962
52110
48899
8217
48266
50459
16309
27193
17714
30121
29703
864
58853
54346
59427
41197
28472
36672
39232
50540
63622
46686
56244
35511
14913
36077
29428
39311
49769
13001
52688
5818
55700
40467
10969
15030
17132
43184
22524
24774
55659
42486
22212
36298
13242
5844
18806
29327
11687
5210
7509
30844
28003
64436
45460
30504
39680
49543
6539
50518
9473
12278
47457
46280
42163
45070
40766
30237
33701
16257
46649
27909
40959
56524
27637
13789
50017
12277
40025
55276
44525
5088
8348
46115
53549
5448
7573
51897
9031
6058
6662
37706
28162
20428
